Section 1:
98 94
1508 31
4007 96

Section 2:
101 36
1468 22
3972 67

Section 3:
102 44
1494 17
4040 96

Section 4:
99 67
1482 54
4022 51

Section 5:
99 83
1484 82
3971 30

Section 6:
99 1
1501 51
4012 24

Section 7:
100 27
1487 78
4037 31

Section 8:
98 70
1486 70
3930 6

Section 9:
94 43
1531 25
4071 70

Section 10:
98 46
1489 9
3998 14

Section 11:
98 40
1511 84
3956 76

Section 12:
100 18
1473 96
4021 43

Section 13:
101 26
1493 53
3987 75

Section 14:
98 71
1466 32
3959 29

Section 15:
99 58
1498 63
3966 37

Section 16:
98 75
1484 47
3968 24

Section 17:
97 42
1445 75
4006 70

Section 18:
97 99
1493 19
3982 89

Section 19:
98 52
1509 22
3884 60

Section 20:
100 23
1483 9
3907 46

Section 21:
101 15
1480 97
3995 18

Section 22:
99 73
1492 37
3962 49

Section 23:
96 48
1509 11
3977 17

Section 24:
100 35
1493 34
4028 66

Section 25:
99 17
1499 35
3965 86

Section 26:
98 67
1510 19
4002 46

Section 27:
100 24
1504 46
3971 32

Section 28:
99 47
1491 50
3960 84

Section 29:
100 25
1468 80
4021 61

Section 30:
98 67
1473 37
3970 60

Section 31:
101 86
1504 12
4116 57

Section 32:
97 73
1514 48
3977 1

Section 33:
97 2
1484 90
3984 30

Section 34:
101 66
1490 52
3966 93

Section 35:
99 84
1519 13
3941 32

Section 36:
97 20
1459 54
3900 29

Section 37:
97 28
1492 27
3885 57

Section 38:
99 52
1508 93
3991 60

Section 39:
98 1
1485 98
3951 5

Section 40:
101 52
1500 82
3996 69

Section 41:
99 21
1509 75
3989 96

Section 42:
99 15
1514 9
4007 69

Section 43:
100 22
1512 72
3978 3

Section 44:
100 90
1517 37
3986 47

Section 45:
96 84
1525 58
3955 89

Section 46:
100 67
1476 27
4058 74

Section 47:
100 7
1493 34
3949 58

Section 48:
100 14
1514 79
3973 81

Section 49:
101 34
1502 83
4018 69

Section 50:
99 95
1513 97
3968 53

