Section 1:
100 49
1508 98
3968 64

Section 2:
98 76
1540 48
3984 63

Section 3:
98 35
1502 99
4017 46

Section 4:
100 11
1465 91
3989 94

Section 5:
103 38
1500 81
3960 1

Section 6:
99 46
1507 15
3942 29

Section 7:
97 22
1498 47
3965 6

Section 8:
99 85
1505 49
3989 39

Section 9:
99 89
1503 33
3994 69

Section 10:
96 92
1466 35
4016 59

Section 11:
98 66
1530 63
3928 95

Section 12:
98 98
1506 52
3978 29

Section 13:
96 60
1494 54
4001 21

Section 14:
100 23
1496 91
3970 79

Section 15:
98 14
1488 80
3947 59

Section 16:
100 98
1526 70
3968 37

Section 17:
100 37
1486 48
4013 3

Section 18:
99 59
1474 97
3999 84

Section 19:
96 88
1514 46
4022 44

Section 20:
99 12
1476 83
3986 61

Section 21:
99 53
1478 27
3936 1

Section 22:
101 75
1513 54
3972 56

Section 23:
99 63
1522 17
4020 21

Section 24:
102 22
1507 79
3993 78

Section 25:
99 35
1465 37
3934 36

Section 26:
96 81
1482 49
3979 9

Section 27:
97 51
1552 78
4019 26

Section 28:
99 50
1459 9
3970 73

Section 29:
100 96
1501 47
3999 83

Section 30:
96 90
1538 1
4023 49

Section 31:
99 48
1498 20
3938 79

Section 32:
99 23
1488 9
3985 51

Section 33:
99 80
1488 96
4001 92

Section 34:
100 45
1485 77
3957 12

Section 35:
99 56
1481 50
3950 6

Section 36:
101 33
1499 92
4001 2

Section 37:
101 7
1482 90
4002 79

Section 38:
98 82
1502 70
4028 68

Section 39:
98 31
1502 16
4067 91

Section 40:
100 80
1523 96
3996 51

Section 41:
97 54
1495 34
3952 35

Section 42:
103 81
1484 66
3994 63

Section 43:
98 70
1517 93
4054 81

Section 44:
97 6
1493 81
3983 20

Section 45:
98 77
1489 12
3941 55

Section 46:
98 83
1504 35
3966 79

Section 47:
98 86
1487 92
4020 42

Section 48:
97 46
1511 32
4075 51

Section 49:
101 84
1522 59
3965 97

Section 50:
101 33
1522 40
4032 82

